Ac 3.0985 16.608 227.0
Ag 2.8045 18.1178 107.8682
Al 4.0082 254.152 26.981538
Am 3.0121 7.0458 243.0
Ar 3.446 93.1052 39.948
As 3.7685 155.5108 74.9216
At 4.2318 142.929 210.0
Au 2.9337 19.6276 196.966569
B 3.6375 90.5888 10.811
Ba 3.299 183.1907 137.327
Be 2.4455 42.7781 9.012182
Bi 3.8932 260.6945 208.9804
Bk 2.9747 6.5425 247.0
Br 3.732 126.3211 79.904
C 3.4309 52.8435 12.0107
Ca 3.0282 119.7786 40.078
Cd 2.5373 114.7458 112.411
Ce 3.168 6.5425 140.116
Cf 2.9515 6.5425 251.0
Cl 3.5164 114.2426 35.453
Cm 2.9631 6.5425 247.0
Co 2.5587 7.0458 58.933195
Cr 2.6932 7.5491 51.9961
Cs 4.0242 22.6472 132.9054519
Cu 3.1137 2.5164 63.546
Dy 3.054 3.5229 162.5
Er 3.021 3.5229 167.259
Es 2.9391 6.0393 252.0
Eu 3.1119 4.0262 151.964
F 2.997 25.1636 18.9984032
Fe 2.5943 6.5425 55.845
Fm 2.9275 6.0393 257.0
Fr 4.3654 25.1636 223.0
Ga 3.9048 208.8576 69.723
Gd 3.0005 4.5294 157.25
Ge 3.813 190.7398 72.64
H 2.5711 22.1439 1.00794
He 2.1043 28.1832 4.002602
Hf 2.7983 36.2355 178.49
Hg 2.4099 193.7594 200.59
Ho 3.0371 3.5229 164.93032
I 4.009 170.609 126.90447
In 3.9761 301.4595 114.818
Ir 2.5302 36.7388 192.217
K 3.3961 17.6145 39.0983
Kr 3.6892 110.7197 83.798
La 3.1377 8.5556 138.90547
Li 2.1836 12.5818 6.941
Lr 2.8829 5.536 262.0
Lu 3.2429 20.6341 174.9668
Md 2.9168 5.536 258.0
Mg 2.6914 55.8631 24.305
Mn 2.638 6.5425 54.938045
Mo 2.719 28.1832 95.96
N 3.2607 34.7257 14.0067
Na 2.6576 15.0981 22.98977
Nb 2.8197 29.693 92.90638
Nd 3.185 5.0327 144.242
Ne 2.8892 21.1374 20.1797
Ni 2.5248 7.5491 58.6934
No 2.8936 5.536 259.0
Np 3.0504 9.5622 237.0
O 3.1181 30.1963 15.9994
Os 2.7796 18.621 190.23
P 3.6946 153.4977 30.973761
Pa 3.0504 11.072 231.03588
Pb 3.8282 333.6688 207.2
Pd 2.5827 24.157 106.42
Pm 3.16 4.5294 145.0
Po 4.1952 163.5632 209.0
Pr 3.2126 5.0327 140.90765
Pt 2.4535 40.2617 195.084
Pu 3.0504 8.0523 244.0
Ra 3.2758 203.3216 226.0
Rb 3.6652 20.1309 85.4678
Re 2.6317 33.2159 186.207
Rh 2.6094 26.6734 102.9055
Rn 4.2451 124.8113 222.0
Ru 2.6397 28.1832 101.07
S 3.5948 137.8963 32.065
Sb 3.9378 225.9688 121.76
Sc 2.9355 9.5622 44.955912
Se 3.7462 146.4519 78.96
Si 3.8264 202.315 28.0855
Sm 3.136 4.0262 150.36
Sn 3.9128 285.3548 118.71
Sr 3.2438 118.2687 87.62
Ta 2.8241 40.765 180.94788
Tb 3.0745 3.5229 158.92535
Tc 2.6709 24.157 98.0
Te 3.9823 200.302 127.6
Th 3.0255 13.0851 232.03806
Ti 2.8286 8.5556 47.867
Tl 3.8727 342.2245 204.3833
Tm 3.0059 3.0196 168.93421
U 3.0246 11.072 238.02891
V 2.801 8.0523 50.9415
W 2.7342 33.7192 183.84
Xe 3.9235 167.0861 131.293
Y 2.9801 36.2355 88.90585
Yb 2.989 114.7458 173.054
Zn 2.4616 62.4056 65.38
Zr 2.7832 34.7257 91.224
